1026255
1026294
1162150
1163943
1294670
1430590
1431794
1434660
1570023
1571717
1573149
1573174
1575977
1576115
1577039
1577912
1718594
1724961
1870849
2011424
2018261
2158208
2162904
2166218
2167444
2168333
2168420
2282763
2283124
2297728
2300529
2300603
2301163
2303365
2304168
2310586
2438249
2439211
2439660
2554867
2570760
2571868
2572386
2578404
2579147
2579906
2581626
2581905
2582800
2583153
2583234
2583669
2693450
2694337
2695030
2707479
2712821
2714707
2714807
2715483
2717483
2718630
2718944
2719928
2837174
2851278
2853280
2855026
2855603
2857323
2972005
2974815
2975832
2985022
2987660
2988145
3217554
2994888
2995931
2998561
3003224
3096317
3097912
3098015
3117511
3119604
3120057
3123138
3245420
3127911
3216518
3219256
3223460
3231406
3238073
3239508
3240231
3240556
3241199
3241388
3247039
3248951
3323168
3337002
3338680
3340360
3346027
3346195
3425802
3426991
3427727
3429637
3437940
3440495
3441159
3441864
3442006
3444098
3446471
3446837
3453494
3454731
3455863
3456100
3456198
3456605
3456780
3529242
3532510
3539869
3542566
3545457
3546765
3547523
3548369
3548900
3555191
3556847
3558145
3560660
3634384
3641023
3647114
3648131
3655115
3655513
3657237
3660006
3660828
3731292
3744309
3747373
3748250
3749833
3757814
3760002
3761641
3762741
3763579
3833853
3848645
3849354
3850810
3851151
3852644
3853654
3854031
3855001
3861139
3862244
3864417
3865358
3867256
3868284
3868588
3869794
3941283
3941524
3942911
3952623
3953144
3964082
3965201
3966273
3966434
3966950
3967268
3967333
3968961
3969800
3970729
3973432
3975085
4035667
4042590
4043227
4044353
4048494
4054968
4071949
4072582
4072890
4075685
4077032
4077275
4078743
4079482
4136161
4137903
4138848
4141155
4141670
4156254
4159118
4160235
4168574
4168579
4170631
4170639
4171102
4171580
4174472
4177905
4178654
4180099
4180199
4180375
4242315
4243461
4243984
4252716
4252757
4253413
4254741
4263127
4264365
4269332
4269337
4271930
4273425
4274480
4274730
4276002
4277242
4283747
4285359
4355012
4358571
4366913
4372410
4374812
4376648
4377815
4380834
4381016
4381221
4383117
4383955
4386091
4390902
4391108
4447461
4456107
4458172
4471379
4472465
4473083
4473450
4476011
4476186
4476836
4480321
4481426
4481700
4482231
4484271
4488796
4488840
4550962
4556345
4562615
4569150
4570408
4574142
4749989
4575908
4580484
4585982
4587528
4588073
4647763
4648848
4649462
4649476
4656194
4658336
4661660
4662336
4668676
4670388
4670846
4671225
4677446
4677684
4679528
4679562
4680002
4726268
4733344
4736562
4737720
4737731
4740125
4752731
4756040
4763381
4764008
4768611
4768668
4768677
4768919
4769505
4773851
4774208
4814686
4824290
4840675
4842057
4842166
4847371
4847411
4848216
4851881
4852661
4856630
4857064
4860444
4861194
4862968
4863077
4902475
4903473
4909697
4919344
4919818
4920125
4927495
4927985
4930550
4930578
4932657
4936524
4937435
4937872
4938281
4940217
4945346
4946956
4947130
4951447
4952341
4989900
4995588
4999763
4999789
5008954
5018191
5019234
5019567
5020065
5021024
5023338
5027750
5034039
5036037
5036493
5038228
5038469
5042785
5088308
5089352
5106287
5108514
5112836
5113557
5119143
5120165
5121956
5123889
5125048
5130650
5166960
5168634
5174492
5174920
5176531
5177020
5179979
5180796
5196787
5196851
5200084
5202905
5206767
5209712
5209910
5212696
5219533
5220979
5253740
5267867
5271224
5272590
5272673
5281281
5284701
5286485
5287619
5295005
5295234
5296692
5297343
5297681
5298466
5299904
5300719
5301101
5302643
5304184
5304634
5304819
5305709
5305977
5307209
5308052
5309547
5309849
5310172
5347580
5355850
5356349
5356665
5358323
5370646
5373377
5376614
5381448
5384653
5385141
5385469
5385754
5389234
5389856
5390069
5390357
5391338
5391416
5393589
5394574
5396265
5397516
5428254
5429163
5430471
5435620
5437206
5440852
5443410
5444254
5459805
5459908
5461501
5462692
5466537
5471415
5473171
5474424
5474427
5475187
5475664
5475668
5476273
5476495
5476854
5476864
5479538
5480730
5481482
5482030
5482510
5511363
5511537
5526545
5529323
5534340
5537236
5541836
5542211
5544958
5545566
5551220
5551625
5552808
5554685
5557072
5558379
5560556
5560691
5561007
5561316
5564600
5565707
5566536
5567499
5603049
5609486
5611160
5613879
5617102
5617255
5617259
5617488
5618126
5630362
5631648
5632093
5632197
5632912
5636882
5638409
5641605
5641711
5645788
5645888
5647010
5647514
5648096
5648562
5649177
5649964
5650062
5650108
5651181
5651327
5688919
5702637
5705411
5705575
5707205
5709664
5716472
5717140
5717449
5721610
5721628
5722346
5722737
5723310
5724440
5724523
5724810
5725312
5725443
5725809
5726667
5727773
5728217
5728843
5734003
5735248
5737104
5737687
5737902
5738127
5768203
5771101
5774557
5775232
5781774
5783203
5785707
5786376
5788165
5791786
5791884
5802479
5806877
5807415
5808231
5809732
5811357
5811454
5816288
5819178
5823159
5856730
5857714
5866555
5872972
5879187
5880352
5880360
5880445
5881108
5891196
5891975
5892969
5895647
5898780
5900260
5903062
5904699
5904928
5940273
5950759
5954264
5960899
5964069
5964173
5965837
5966212
5976681
5977984
5978295
5978805
5979866
5980555
5981039
5982378
5988140
5989856
5990706
6019416
6032172
6032730
6033197
6041680
6057401
6058006
6060277
6061584
6065351
6065651
6067817
6071684
6107117
6113864
6115466
6116172
6119788
6123324
6127239
6130261
6130500
6139591
6141372
6141503
6142919
6153233
6154326
6183478
6184298
6195556
6196629
6199731
6206125
6206627
6209293
6211901
6220010
6224312
6226293
6227118
6228306
6228371
6229130
6229502
6230529
6230921
6231451
6231538
6266750
6268890
6271512
6279388
6279848
6280902
6280952
6284363
6289468
6290411
6290648
6290877
6293266
6294556
6294889
6301132
6302589
6302655
6308416
6310627
6311564
6314475
6344431
6356928
6357795
6366617
6366627
6372320
6381128
6381306
6382916
6384854
6387257
6387579
6387770
6388443
6389098
6390013
6390243
6428925
6428932
6429742
6432054
6441258
6441436
6443122
6445601
6446951
6448173
6448362
6449081
6451605
6451876
6463047
6464938
6467349
6467639
6467726
6468146
6470922
6470973
6497003
6508203
6508478
6509175
6511019
6511354
6520969
6579643
6522144
6522179
6522823
6532022
6541245
6546327
6547396
6548709
6586020
6586052
6586333
6587551
6590403
6593488
6595315
6604303
6606229
6612353
6614168
6619377
6627367
6629106
6631188
6633452
6635026
6635493
6636041
6668729
6670742
6675944
6678614
6691244
6696050
6697128
6707493
6715331
6716670
6719266
6720889
6721089
6756386
6756481
6757160
6761539
6762992
6776331
6778063
6780873
6783879
6784155
6790335
6791090
6792983
6793409
6803964
6804821
6806724
6842139
6844024
6848661
6854623
6860968
6861400
6862840
6862920
6865077
6871866
6877609
6879594
6891998
6922690
6922830
6922995
6935101
6936178
6937123
6937758
6939203
6939291
6946681
6947064
6951231
6951642
6955650
6960727
6963490
6964804
6965789
6967360
6974111
6974847
6975466
7020707
7021890
7031107
7035099
7035179
7045605
7045685
7047356
7047963
7051690
7052048
7053456
7101676
7106205
7106648
7106877
7109598
7118167
7119530
7122746
7124161
7124680
7125970
7137952
7138415
7173839
7174372
7181066
7185924
7202395
7204237
7204794
7207672
7211759
7212040
7214475
7217483
7219251
7219502
7265427
7271892
7281814
7282228
7283317
7287118
7287328
7294135
7297189
7299869
7300184
7300387
7300623
7301435
7301640
7302192
7337049
7337156
7347529
7350486
7351433
7352016
7352425
7352776
7354531
7368590
7368960
7378020
7378067
7381616
7384711
7385500
7430757
7450284
7454979
7454990
7455624
7456441
7457355
7458697
7461607
7463044
7465364
7467185
7467518
7467539
7502559
7522572
7532891
7533425
7533694
7538543
7538950
7547306
7547573
7548259
7548479
7549852
7551637
7551993
7553237
7582608
7583208
7583437
7583939
7585445
7595579
7598492
7604266
7605152
7605527
7613422
7618364
7621172
7621759
7621793
7624753
7626595
7627570
7658578
7662402
7668791
7678385
7685307
7687374
7691445
7697795
7699056
7699276
7700963
7702705
7703305
7708315
7731467
7732458
7733685
7748238
7749552
7750215
7750216
7755932
7756853
7761855
7765585
7765684
7767699
7770256
7770282
7771991
7772919
7773133
7777435
7778980
7779942
7816329
7819024
7830684
7831302
7834612
7836868
7838383
7838889
7838908
7841434
7842286
7842328
7842621
7848303
7878396
7878789
7881851
7890222
7899980
7900367
7901718
7902035
7904642
7908633
7909392
7915386
7915458
7915515
7917014
7917485
7918688
7918737
7937494
7938179
7938180
7939065
7950727
7953880
7954107
7955898
7956461
7959867
7959886
7967293
7971008
7973199
7974032
7975162
7977198
7977956
7977996
7979504
7986166
7989079
8004558
8022144
8023217
8025357
8027456
8029546
8036315
8038609
8038679
8041675
8043436
8044889
8046010
8046934
8052082
8052353
8054146
8056861
8057661
8058127
8085273
8086490
8087018
8090059
8092865
8098120
8103917
8104598
8106371
8120184
8121586
8122232
8122433
8123127
8123197
8123377
8123645
8125219
8126422
8127448
8127684
8129588
8144212
8149341
8150307
8153747
8155291
8173017
8174267
8174306
8175177
8177179
8177748
8181880
8187917
8190872
8191602
8191611
8194874
8196006
8196381
8196840
8196903
8196911
8197220
8197355
8197653
8197788
8228729
8230025
8233072
8235853
8236479
8243190
8244757
8244758
8245366
8246833
8247116
8247543
8248182
8248296
8248630
8249829
8255272
8256621
8256643
8257115
8259061
8259177
8261157
8264037
8264404
8264490
8264492
8264494
8264543
8264546
8264550
8264588
8264623
8264674
8264698
8264801
8264824
8264949
8265022
8265244
8265377
8265481
8282338
8292150
8299332
8308688
8310243
8311110
8311304
8312491
8314246
8314525
8315263
8316195
8321604
8322016
8322243
8322861
8323981
8326356
8329014
8329629
8330102
8330712
8330740
8330778
8330790
8330895
8330910
8331919
8332193
8332664
8345453
8346686
8351778
8352420
8357961
8359671
8362899
8376471
8380389
8382172
8386122
8388610
8390667
8391086
8393922
8395203
8396062
8396259
8396791
8396901
8397426
8415752
8420644
8424446
8426007
8427895
8429634
8429756
8432962
8439566
8442040
8443311
8444802
8446738
8450600
8452639
8453431
8453722
8454553
8456151
8458690
8460081
8460126
8460683
8460993
8461125
8461589
8491816
8493159
8500899
8504544
8506388
8507325
8508096
8510534
8520433
8516008
8516686
8516900
8517859
8520436
8523595
8524464
8524953
8526451
8552907
8556233
8583770
8560867
8560996
8563841
8570117
8571022
8571529
8572324
8573774
8574652
8579615
8580028
8580228
8585472
8590553
8608260
8620684
8621095
8623953
8625580
8626219
8626462
8639063
8640132
8645874
8646235
8648251
8648866
8649814
8650712
8650819
8653100
8653563
8654540
8655712
8682555
8695156
8695628
8701099
8716028
8717065
8738244
8750029
8750446
8751056
8752359
8758366
8759967
8761309
8766619
8771498
8772391
8773961
8777609
8777843
8778483
8782561
8783270
8819284
8826718
8827407
8827821
8842494
8845312
8848942
8869892
8881697
8883847
8906294
8907618
8908544
8908767
8912730
8914322
8914866
8916266
8933391
8940640
8959745
8960514
8963002
8964755
8964935
8972489
8972966
8974140
8975515
8975644
8976187
8976344
8976589
8978630
8979487
9005210
9016344
9017929
9020199
9026611
9028104
9028134
9028154
9047103
9050337
9051487
9051902
9054553
9072011
9073007
9084373
9092529
9092897
9093266
9094694
9097423
9099728
9108615
9108841
9111056
9115188
9118716
9119402
9137447
9138872
9143785
9152634
9165393
9171954
9172627
9172981
9174121
9178501
9178502
9180906
9201644
9204718
9206046
9207344
9209247
9210037
9214444
9222942
9226081
9227120
9228115
9229318
9229342
9230007
9239211
9241509
9242059
9242127
9243464
9243562
9244177
9244992
9246481
9265050
9267042
9279862
9283128
9655407
9288444
9288456
9289704
9289960
9290948
9291275
9291618
9292463
9299980
9300295
9301183
9302543
9303033
9303041
9304409
9304923
9305574
9305952
9306095
9324334
9331207
9343888
9344572
9347095
9351205
9351622
9353572
9364179
9364192
9366994
9367382
9368220
9369047
9369547
9391395
9392416
9395246
9396399
9402020
9402693
9408694
9410527
9412618
9413057
9415300
9425403
9425897
9428798
9429060
9450392
9450940
9453075
9453452
9458275
9463183
9466030
9469775
9471399
9473000
9488426
9488445
9488454
9489590
9489626
9490042
9490067
9509296
9516796
9526946
9529640
9532168
9532644
9533449
9536515
9550886
9551281
9552758
9578461
9579818
9580794
9588953
9591519
9593997
9594022
9594857
9594915
9596093
9596355
9596469
9598448
9604762
9606739
9612697
9613175
9614124
9630640
9632537
9636283
9640891
9642894
9649801
9650390
9650501
9651065
9653450
9655055
9655114
9655177
9655288
9655346
9655393
9655402
9655419
9655422
9655438
9655444
9655470
9655501
9655514
9655769
9655909
9656348
9656741
9666465
9667584
9673293
9693282
9699950
9700145
9700322
9706609
9710475
9713244
9714209
9715359
9716220
9716256
9716385
9716528
9716609
9716667
9716947
9717861
9724220
9724292
9725543
9730397
9751996
9754111
9758615
9762713
9762866
9764965
10484817
9773094
9773512
9774314
9775385
9775454
9776378
9776474
9776816
9777351
9788612
9790479
9791112
9791509
9812351
9812716
9813078
9818160
9818269
9823602
9823652
9824673
9826562
9828226
9832497
9832655
9832727
9833280
9836020
9836073
9837267
9837573
9837659
9838496
9839184
9844791
9845573
9845898
9845907
9849107
9850393
9851822
9874181
9875566
9892624
9895269
9895543
9895857
9896277
9897089
9903360
9908621
9910533
9913819
9936518
9942562
9943441
9945390
9953617
9954643
9959422
9963609
9963667
9964619
9966976
9970568
9970841
9971786
9973036
10001145
10002897
10004660
10014548
10014604
10014649
10019347
10029999
10031634
10034227
10034489
10035150
10035155
10035772
10056297
10056931
10065244
10071056
10079420
10080943
10087801
10095496
10095685
10130777
10134571
10134800
10147217
10148766
10154094
10154966
10159927
10164569
10195926
10196863
10199055
10206643
10208345
10213964
10213987
10219475
10220707
10224920
10226083
10253943
10258260
10263800
10264728
10265524
10276126
10279745
10281360
10281639
10284901
10285770
10289211
10293818
10297233
10322290
10324066
10346424
10355055
10361229
10362577
10382922
10407873
10415087
10415502
10424228
10427093
10448764
10451090
10451317
10462980
10468883
10469984
10471914
10482774
10484808
10485961
10489265
10489311
10489373
10489783
10528873
10532771
10533616
10537907
10538299
10549292
10549371
10549422
10549643
10550657
10555142
10580834
10586045
10590857
10598894
10600540
10604429
10609641
10612854
10615125
10616124
10616138
10647493
10647611
10652807
10658802
10659654
10664703
10664975
10668233
10675762
10678547
11622535
10679429
10684587
10685653
10686752
10713398
10717871
10723618
10727717
10729645
10732638
10734935
10741920
10744042
10749793
10753246
10775968
10777903
10783150
10788451
10790706
10801714
10802820
10811753
10813970
10815083
10815466
10853783
10862354
10988009
10877182
10881855
10918393
10920447
10921757
10921894
10923648
10931805
10936043
10936474
10974769
10975247
10977859
10978178
10989859
10990083
11026045
10990452
10990961
11021188
11025754
11027729
11027806
11031749
11036440
11044372
11044384
11044547
11045341
11081490
11090405
11093203
11100331
11100522
11100532
11125764
11127190
11127641
11133190
11143576
11145123
11146648
11152054
11152625
11152649
11153259
11175316
11179734
11182608
11182765
11183259
11183539
11193046
11197934
11199228
11206038
11232111
11260307
11285767
11288686
11294931
11295729
11296437
11306611
11309335
11340713
11355938
11357796
11361739
11395392
11402951
11410915
11413125
11414527
11415556
11445913
11457198
11461134
11463950
11464245
11468621
11468863
11469049
11495305
11497012
11506508
11508397
11509728
11513155
11519180
11548888
11558455
11564882
11565950
11569628
11572046
11572666
11602449
11606351
11607193
11617030
11618998
11619202
11620101
11623878
11624191
11624521
11649459
11649497
11649699
11656492
11658996
11661993
11665531
11666104
11666429
11666503
11700370
11700599
11700604
11708238
11710462
11714150
11717240
11718839
11723564
11725829
11754974
11759297
11760312
11769929
11770258
11771670
11772971
11773909
11775354
11809179
11815158
11821140
11822666
11822789
11823661
11823683
11824964
11852985
11858293
11868514
11870315
11872512
11872848
11874676
11904306
11905761
11906211
11908559
11909497
11910256
11919968
11923562
11924025
11954651
11961072
11967758
11972526
11975271
12011260
12013034
12016717
12020590
12055345
12055770
12055866
12062443
12067780
12068180
12069252
12072666
12073334
12073683
12111004
12116239
12120077
12122075
12155426
12165113
12166194
12202143
12202245
12215002
12217281
12257449
12353648
12357103
12365420
12400984
12470317
12470709
12602250
12603159
12647070
12688835
12736056
12784394
12885086